6
0  745  665  929  100 180
745   0   80  337 552 200
665  80    0  380 480 350
929 337  380    0 322 120
100 552  480  322   0 606
180 200  350  120 606   0